gdp-mdio.records.direct.phnx.m1
1494794714 111865
1494812504 122844
1494828138 134181
1494849137 113003
1494869141 113909
1494889123 113600
1494908863 114094
1494931727 116833
1494951883 23525.9
1494972043 19481.2
1494992293 36318.9
1495011095 162094
1495024369 184606
1495036469 156167
1495049027 125918
1495061224 111999
1495074318 120533
1495167227 120480
1495187351 112996
1495207968 115654
1495228428 112349
1495248852 111688
1495276301 114840
1495306631 115294
1495336950 113380
1495367321 115096
1495397663 116450
1495427950 115766
gdp-mdio.records.direct.pavo.m1
1494798791 195621
1494817068 262276
1494836825 274410
1494857928 196093
1494879370 196478
1494900581 199463
1494923494 204395
1494947867 118202
1494972395 88019.9
1494996924 190119
1495017504 357698
1495033502 273159
1495048072 225228
1495062485 196985
1495078609 216074
1495101153 265876
1495124049 284911
1495143154 218227
1495162300 230853
1495181258 240808
1495205864 253439
1495234664 259967
1495263643 271678
1495296864 286336
1495327930 278227
1495359223 200491
1495393703 198187
1495428053 201005
gdp-mdio.records.flume.hgls.m1
1494796115 139770
1494814305 146605
1494832150 156403
1494853510 139646
1494875203 141072
1494896861 139735
1494920027 139496
1494942883 89828.7
1494964780 19568.7
1494986597 36647
1495008095 175001
1495024638 242271
1495040181 205649
1495053435 160030
1495067121 148320
1495081209 166373
1495103033 189071
1495129283 182448
1495151259 141050
1495172738 142520
1495196531 144303
1495229591 140795
1495262663 141757
1495295711 144834
1495328771 142408
1495361830 143526
1495394880 145351
1495427910 145728
gdp-mdio.stat.sdn.monData.value
1494798215 1.40793e+07
1494815898 1.76733e+07
1494834760 1.30017e+07
1494855253 1.26429e+07
1494876065 1.2586e+07
1494896801 1.2394e+07
1494918497 1.26954e+07
1494942013 1.08825e+07
1494965890 8.27013e+06
1494989705 8.1671e+06
1495012000 1.05822e+07
1495028212 1.58436e+07
1495042067 2.3418e+07
1495056099 1.2036e+07
1495071085 1.5051e+07
1495092142 2.38578e+07
1495116312 1.80684e+07
1495133885 1.05085e+07
1495152499 1.03674e+07
1495170830 1.05862e+07
1495189826 1.01761e+07
1495231068 5.11532e+06
1495267080 5.1349e+06
1495300183 5.18467e+06
1495330003 5.19932e+06
1495360890 5.24247e+06
1495394513 5.20213e+06
1495428103 5.17498e+06
