gdp-mdio.records.direct.phnx.m1
1500845928 130852
1500866243 131336
1500886565 138560
1500906863 135785
1500927175 137512
1500947495 134404
1500967817 137825
1500988099 139734
1501008415 130322
1501028723 126688
1501049076 129825
1501069446 133527
1501089768 134771
1501110136 131818
1501130479 134635
1501151688 138058
1501174973 135799
1501198217 136356
1501221476 140401
1501244686 138453
1501267897 132395
1501291105 129466
1501314319 129525
1501337537 130753
1501360735 130067
1501383943 129761
1501407079 130397
1501430316 130601
1501452546 131472
1501475207 130477
1501497887 132466
1501520539 133720
1501546309 132722
1501569186 133215
1501591877 133711
1501614586 134058
1501637259 133638
1501659919 134354
1501682567 135067
1501702053 134740
1501721499 135408
1501740918 136787
1501760478 135930
1501783158 137615
1501805867 134256
1501827816 136912
1501848438 139179
1501871133 137136
1501893799 134427
1501920829 136163
1501945007 135321
1501964058 141762
1501983479 133760
1502001132 135515
1502018142 136004
1502035141 137337
gdp-mdio.records.direct.pavo.m1
1500846203 220978
1500866806 221291
1500887389 228667
1500907975 226612
1500928578 226568
1500949175 224919
1500969768 229852
1500990348 231511
1501010935 220817
1501031527 215779
1501052155 221378
1501072806 225823
1501093426 225995
1501114058 223902
1501134696 228370
1501155066 234915
1501174519 231852
1501195135 226793
1501215756 232905
1501238448 241277
1501261624 231604
1501284787 227661
1501307944 226786
1501331106 228332
1501354276 228652
1501377426 226905
1501403837 229813
1501430314 225840
1501455497 227525
1501481088 228526
1501506647 229063
1501532256 232960
1501555608 230961
1501577434 230614
1501599429 233261
1501621398 231995
1501643357 232223
1501665319 232659
1501686678 236702
1501705929 233945
1501725159 235090
1501744383 235165
1501764166 238079
1501786354 235755
1501808329 232024
1501830304 235382
1501852294 244477
1501874269 235270
1501896527 231479
1501922148 234212
1501945214 233653
1501964061 242173
1501983274 231963
1502000952 234972
1502018033 234681
1502035122 236384
gdp-mdio.records.flume.hgls.m1
1500847007 156632
1500868398 157145
1500889763 159882
1500911147 158965
1500932536 156635
1500953928 155413
1500975305 158541
1500996678 158950
1501018045 152898
1501039428 152665
1501060879 156206
1501082297 159990
1501103719 159090
1501125157 159035
1501146558 159966
1501166388 161580
1501187808 156531
1501209196 158272
1501231296 157981
1501252654 158116
1501274046 155226
1501295436 154224
1501316809 152243
1501338198 154126
1501359587 154203
1501381474 154940
1501405846 154175
1501430297 154118
1501455499 154826
1501481116 154756
1501506677 156872
1501532297 157911
1501555656 158310
1501577478 157391
1501599489 158010
1501621474 158512
1501643436 159474
1501665408 157803
1501686766 160456
1501706019 158515
1501725257 159703
1501744486 160681
1501764288 160877
1501786266 161800
1501808256 161610
1501830229 162313
1501852234 162307
1501874226 160423
1501896484 160332
1501922117 161583
1501945187 159497
1501964044 170763
1501983263 160327
1502000952 160741
1502018041 161463
1502035132 162545
gdp-mdio.stat.sdn.monData.value
1500849316 5.88972e+06
1500870516 5.94906e+06
1500891755 6.13263e+06
1500912965 5.86409e+06
1500934165 5.95341e+06
1500955398 5.95442e+06
1500976607 5.73299e+06
1500997817 6.03301e+06
1501019047 5.86096e+06
1501040286 5.93573e+06
1501061567 5.92919e+06
1501082785 5.89908e+06
1501104049 5.85946e+06
1501125307 5.77684e+06
1501146589 6.59621e+06
1501168176 7.06928e+06
1501189466 6.67138e+06
1501210728 6.68242e+06
1501232734 7.2244e+06
1501253988 6.90328e+06
1501275227 6.52308e+06
1501296457 6.66493e+06
1501317664 6.50782e+06
1501338876 6.58893e+06
1501360093 6.90721e+06
1501381866 6.79597e+06
1501406059 7.1645e+06
1501430298 6.98532e+06
1501454674 6.92478e+06
1501479438 6.96288e+06
1501504248 7.03752e+06
1501529016 7.37934e+06
1501552158 7.20583e+06
1501573694 7.37506e+06
1501594937 7.8853e+06
1501616196 7.63606e+06
1501637418 7.32265e+06
1501658657 7.64114e+06
1501679884 7.55187e+06
1501698849 7.54847e+06
1501717459 7.5724e+06
1501736079 7.9562e+06
1501754704 7.77129e+06
1501775236 7.94523e+06
1501796496 7.57746e+06
1501817763 7.69111e+06
1501839048 8.05685e+06
1501860319 7.93264e+06
1501881617 7.8213e+06
1501904296 7.92199e+06
1501929124 7.75268e+06
1501950139 9.40232e+06
1501971379 7.62084e+06
1501992621 7.71994e+06
1502013871 7.83124e+06
1502035102 7.79047e+06
