gdp-mdio.records.direct.phnx.m1
1501452546 131472
1501475207 130477
1501497887 132466
1501520539 133720
1501546309 132722
1501569186 133215
1501591877 133711
1501614586 134058
1501637259 133638
1501659919 134354
1501682567 135067
1501702053 134740
1501721499 135408
1501740918 136787
1501760478 135930
1501783158 137615
1501805867 134256
1501827816 136912
1501848438 139179
1501871133 137136
1501893799 134427
1501920829 136163
1501945007 135321
1501964058 141762
1501983479 133760
1502001132 135515
1502018142 136004
1502035141 137337
gdp-mdio.records.direct.pavo.m1
1501455497 227525
1501481088 228526
1501506647 229063
1501532256 232960
1501555608 230961
1501577434 230614
1501599429 233261
1501621398 231995
1501643357 232223
1501665319 232659
1501686678 236702
1501705929 233945
1501725159 235090
1501744383 235165
1501764166 238079
1501786354 235755
1501808329 232024
1501830304 235382
1501852294 244477
1501874269 235270
1501896527 231479
1501922148 234212
1501945214 233653
1501964061 242173
1501983274 231963
1502000952 234972
1502018033 234681
1502035122 236384
gdp-mdio.records.flume.hgls.m1
1501455499 154826
1501481116 154756
1501506677 156872
1501532297 157911
1501555656 158310
1501577478 157391
1501599489 158010
1501621474 158512
1501643436 159474
1501665408 157803
1501686766 160456
1501706019 158515
1501725257 159703
1501744486 160681
1501764288 160877
1501786266 161800
1501808256 161610
1501830229 162313
1501852234 162307
1501874226 160423
1501896484 160332
1501922117 161583
1501945187 159497
1501964044 170763
1501983263 160327
1502000952 160741
1502018041 161463
1502035132 162545
gdp-mdio.stat.sdn.monData.value
1501454674 6.92478e+06
1501479438 6.96288e+06
1501504248 7.03752e+06
1501529016 7.37934e+06
1501552158 7.20583e+06
1501573694 7.37506e+06
1501594937 7.8853e+06
1501616196 7.63606e+06
1501637418 7.32265e+06
1501658657 7.64114e+06
1501679884 7.55187e+06
1501698849 7.54847e+06
1501717459 7.5724e+06
1501736079 7.9562e+06
1501754704 7.77129e+06
1501775236 7.94523e+06
1501796496 7.57746e+06
1501817763 7.69111e+06
1501839048 8.05685e+06
1501860319 7.93264e+06
1501881617 7.8213e+06
1501904296 7.92199e+06
1501929124 7.75268e+06
1501950139 9.40232e+06
1501971379 7.62084e+06
1501992621 7.71994e+06
1502013871 7.83124e+06
1502035102 7.79047e+06
