111.170.234.72-intraffic
1498424400000 230.215
1498446000000 225.572
1498467600000 228.897
1498489200000 240.54
1498510800000 272.477
1498532400000 352.873
1498554000000 238.891
1498575600000 251.945
1498597200000 286.934
1498618800000 401.474
1498640400000 234.173
1498662000000 232.409
1498683600000 250.325
1498705200000 221.396
1498726800000 227.514
1498748400000 224.096
1498770000000 230.283
1498791600000 227.645
1498813200000 210.792
1498834800000 217.75
1498856400000 197.216
1498878000000 202.605
1498899600000 223.663
1498921200000 239.285
1498942800000 244.977
1498964400000 220.153
1498986000000 222.906
1499007600000 209.298
111.170.234.72-outtraffic
1498424400000 157.641
1498446000000 170.765
1498467600000 180.451
1498489200000 175.681
1498510800000 203.333
1498532400000 317.381
1498554000000 199.813
1498575600000 185.053
1498597200000 213.835
1498618800000 278.084
1498640400000 189.276
1498662000000 235.519
1498683600000 176.441
1498705200000 163.586
1498726800000 179.168
1498748400000 172.155
1498770000000 160.659
1498791600000 164.852
1498813200000 181.539
1498834800000 182.073
1498856400000 157.892
1498878000000 142.541
1498899600000 147.502
1498921200000 162.517
1498942800000 145.693
1498964400000 140.956
1498986000000 146.257
1499007600000 130.623
