111.170.234.117-intraffic
1498424400000 146.681
1498446000000 141.337
1498467600000 123.129
1498489200000 113.421
1498510800000 163.585
1498532400000 150.377
1498554000000 130.935
1498575600000 139.679
1498597200000 185.715
1498618800000 161.042
1498640400000 140.671
1498662000000 152.643
1498683600000 177.384
1498705200000 166.907
1498726800000 148.542
1498748400000 153.284
1498770000000 151.399
1498791600000 144.303
1498813200000 131.469
1498834800000 128.64
1498856400000 145.614
1498878000000 127.301
1498899600000 105.095
1498921200000 99.2058
1498942800000 188.368
1498964400000 156.919
1498986000000 135.502
1499007600000 146.839
111.170.234.117-outtraffic
1498424400000 74.0467
1498446000000 87.5747
1498467600000 82.0132
1498489200000 450.058
1498510800000 411.321
1498532400000 376.919
1498554000000 400.559
1498575600000 386.073
1498597200000 372.14
1498618800000 462.057
1498640400000 428.818
1498662000000 407.324
1498683600000 484.901
1498705200000 395.171
1498726800000 419.898
1498748400000 434.305
1498770000000 421.375
1498791600000 273.332
1498813200000 91.9501
1498834800000 92.6686
1498856400000 73.6573
1498878000000 69.8202
1498899600000 76.8814
1498921200000 72.4231
1498942800000 90.7383
1498964400000 92.1184
1498986000000 87.4568
1499007600000 99.9595
