113.107.58.115-intraffic
1498424400000 630.547
1498446000000 468.755
1498467600000 502.821
1498489200000 504.481
1498510800000 495.379
1498532400000 484.456
1498554000000 520.834
1498575600000 516.376
1498597200000 543.321
1498618800000 487.599
1498640400000 520.585
1498662000000 525.642
1498683600000 471.491
1498705200000 487.532
1498726800000 514.375
1498748400000 495.128
1498770000000 503.305
1498791600000 492.431
1498813200000 509.19
1498834800000 501.309
1498856400000 487.707
1498878000000 439.711
1498899600000 439.621
1498921200000 462.42
1498942800000 458.781
1498964400000 435.832
1498986000000 471.561
1499007600000 450.441
113.107.58.115-outtraffic
1498424400000 516.827
1498446000000 407.339
1498467600000 574.029
1498489200000 550.188
1498510800000 411.736
1498532400000 414.466
1498554000000 418.743
1498575600000 455.436
1498597200000 465.404
1498618800000 431.084
1498640400000 432.319
1498662000000 489.746
1498683600000 394.009
1498705200000 422.975
1498726800000 461.315
1498748400000 432.527
1498770000000 431.586
1498791600000 405.468
1498813200000 391.507
1498834800000 414.352
1498856400000 431.678
1498878000000 368.205
1498899600000 392.676
1498921200000 371.094
1498942800000 398.153
1498964400000 358.01
1498986000000 400.157
1499007600000 388.365
