183.131.164.24-intraffic
1498424400000 564.352
1498446000000 609.733
1498467600000 641.625
1498489200000 554.829
1498510800000 623.539
1498532400000 713.648
1498554000000 677.497
1498575600000 717.271
1498597200000 565.532
1498618800000 615.872
1498640400000 695.704
1498662000000 608.056
1498683600000 552.576
1498705200000 560.627
1498726800000 550.278
1498748400000 498.589
1498770000000 539.284
1498791600000 569.04
1498813200000 797.833
1498834800000 598.374
1498856400000 563.548
1498878000000 571.209
1498899600000 592.234
1498921200000 563.939
1498942800000 595.718
1498964400000 565.582
1498986000000 817.776
1499007600000 596.796
183.131.164.24-outtraffic
1498424400000 262.786
1498446000000 146.467
1498467600000 87.7723
1498489200000 110.169
1498510800000 465.167
1498532400000 85.3678
1498554000000 90.8832
1498575600000 70.8808
1498597200000 76.2714
1498618800000 58.0595
1498640400000 68.3585
1498662000000 111.625
1498683600000 37.5116
1498705200000 151.328
1498726800000 85.7923
1498748400000 71.7157
1498770000000 38.2315
1498791600000 73.7013
1498813200000 305.273
1498834800000 477.272
1498856400000 54.9055
1498878000000 28.5529
1498899600000 86.36
1498921200000 52.869
1498942800000 62.9004
1498964400000 18.0383
1498986000000 107.58
1499007600000 15.0271
