1498406400000 567.472
1498410000000 607.249
1498413600000 673.927
1498417200000 616.022
1498420800000 328.123
1498424400000 308.168
1498428000000 356.219
1498431600000 346.469
1498435200000 394.786
1498438800000 445.86
1498442400000 425.937
1498446000000 474.762
1498449600000 477.822
1498453200000 673.928
1498456800000 469.294
1498460400000 618.732
1498464000000 634.497
1498467600000 569.903
1498471200000 638.334
1498474800000 653.397
1498478400000 674.452
1498482000000 416.547
1498485600000 524.389
1498489200000 394.008
1498492800000 482.311
1498496400000 538.609
1498500000000 418.59
1498503600000 334.833
1498507200000 365.671
1498510800000 330.402
1498514400000 382.564
1498518000000 374.798
1498521600000 438.832
1498525200000 445.58
1498528800000 429.958
1498532400000 415.065
1498536000000 464.28
1498539600000 388.832
1498543200000 382.294
1498546800000 432.947
1498550400000 451.399
1498554000000 392.704
1498557600000 473.353
1498561200000 421.255
1498564800000 450.57
1498568400000 462.566
1498572000000 441.192
1498575600000 483.679
1498579200000 480.409
1498582800000 387.517
1498586400000 430.924
1498590000000 512.138
1498593600000 478.794
1498597200000 502.644
1498600800000 320.351
1498604400000 447.551
1498608000000 496.753
1498611600000 402.984
1498615200000 455.084
1498618800000 463.781
1498622400000 387.978
1498626000000 437.669
1498629600000 397.912
1498633200000 443.026
1498636800000 486.959
1498640400000 440.367
1498644000000 760.326
1498647600000 460.053
1498651200000 396.43
1498654800000 448.52
1498658400000 458.113
1498662000000 415.032
1498665600000 458.929
1498669200000 429.435
1498672800000 451.968
1498676400000 397.04
1498680000000 301.383
1498683600000 325.298
1498687200000 404.35
1498690800000 357.231
1498694400000 419.701
1498698000000 453.587
1498701600000 412.758
1498705200000 490.222
1498708800000 458.098
1498712400000 413.389
1498716000000 481.255
1498719600000 502.37
1498723200000 469.192
1498726800000 443.583
1498730400000 389.79
1498734000000 393.211
1498737600000 481.601
1498741200000 413.889
1498744800000 486.444
1498748400000 430.227
1498752000000 551.187
1498755600000 523.289
1498759200000 444.718
1498762800000 409.593
1498766400000 328.915
1498770000000 331.816
1498773600000 327.014
1498777200000 415.426
1498780800000 396.501
1498784400000 462.372
1498788000000 431.146
1498791600000 400.347
1498795200000 365.482
1498798800000 413.131
1498802400000 353.626
1498806000000 438.044
1498809600000 406.189
1498813200000 372.572
1498816800000 421.09
1498820400000 364.896
1498824000000 394.641
1498827600000 508.99
1498831200000 388.971
1498834800000 407.527
1498838400000 519.61
1498842000000 461.363
1498845600000 489.472
1498849200000 451.307
1498852800000 273.025
1498856400000 395.291
1498860000000 312.665
1498863600000 336.564
1498867200000 441.995
1498870800000 323.339
1498874400000 385.365
1498878000000 409.303
1498881600000 379.208
1498885200000 347.71
1498888800000 378.504
1498892400000 447.597
1498896000000 425.558
1498899600000 377.478
1498903200000 378.984
1498906800000 373.761
1498910400000 340.376
1498914000000 396.576
1498917600000 392.971
1498921200000 343.898
1498924800000 397.43
1498928400000 453.258
1498932000000 431.369
1498935600000 448.907
1498939200000 325.849
1498942800000 332.107
1498946400000 349.211
1498950000000 335.034
1498953600000 329.716
1498957200000 396.678
1498960800000 369.828
1498964400000 367.592
1498968000000 429.446
1498971600000 419.259
1498975200000 385.003
1498978800000 382.54
1498982400000 398.891
1498986000000 385.805
1498989600000 404.87
1498993200000 378.848
1498996800000 371.271
1499000400000 380.825
1499004000000 376.652
1499007600000 417.725
