date         phnx         pavo         hgls        monData
7/26     130852.0      220978.0      156632.0    5751.6796875
7/26     131336.0      221291.0      157145.0    5809.62890625
7/26     138560.0      228667.0      159882.0    5988.89648438
7/26     135785.0      226612.0      158965.0    5726.65039062
7/27     137512.0      226568.0      156635.0    5813.87695312
7/27     134404.0      224919.0      155413.0    5814.86328125
7/27     137825.0      229852.0      158541.0    5598.62304688
7/27     139734.0      231511.0      158950.0    5891.61132812
7/28     130322.0      220817.0      152898.0    5723.59375
7/28     126688.0      215779.0      152665.0    5796.61132812
7/28     129825.0      221378.0      156206.0    5790.22460938
7/28     133527.0      225823.0      159990.0    5760.8203125
7/29     134771.0      225995.0      159090.0    5722.12890625
7/29     131818.0      223902.0      159035.0    5641.4453125
7/29     134635.0      228370.0      159966.0    6441.61132812
7/29     138058.0      234915.0      161580.0    6903.59375
7/30     135799.0      231852.0      156531.0    6515.01953125
7/30     136356.0      226793.0      158272.0    6525.80078125
7/30     140401.0      232905.0      157981.0    7055.078125
7/30     138453.0      241277.0      158116.0    6741.484375
8/1     132395.0      231604.0      155226.0    6370.1953125
8/1     129466.0      227661.0      154224.0    6508.72070312
8/1     129525.0      226786.0      152243.0    6355.29296875
8/1     130753.0      228332.0      154126.0    6434.50195312
8/2     130067.0      228652.0      154203.0    6745.32226562
8/2     129761.0      226905.0      154940.0    6636.68945312
8/2     130397.0      229813.0      154175.0    6996.58203125
8/2     130601.0      225840.0      154118.0    6821.6015625
8/3     131472.0      227525.0      154826.0    6762.48046875
8/3     130477.0      228526.0      154756.0     6799.6875
8/3     132466.0      229063.0      156872.0    6872.578125
8/3     133720.0      232960.0      157911.0    7206.38671875
8/4     132722.0      230961.0      158310.0    7036.94335938
8/4     133215.0      230614.0      157391.0    7202.20703125
8/4     133711.0      233261.0      158010.0    7700.48828125
8/4     134058.0      231995.0      158512.0    7457.08984375
8/5     133638.0      232223.0      159474.0    7151.02539062
8/5     134354.0      232659.0      157803.0    7462.05078125
8/5     135067.0      236702.0      160456.0    7374.87304688
8/5     134740.0      233945.0      158515.0    7371.55273438
8/6     135408.0      235090.0      159703.0    7394.921875
8/6     136787.0      235165.0      160681.0    7769.7265625
8/6     135930.0      238079.0      160877.0    7589.15039062
8/6     137615.0      235755.0      161800.0    7759.01367188
8/7     134256.0      232024.0      161610.0    7399.86328125
8/7     136912.0      235382.0      162313.0    7510.84960938
8/7     139179.0      244477.0      162307.0    7868.01757812
8/7     137136.0      235270.0      160423.0    7746.71875
8/8     134427.0      231479.0      160332.0    7637.98828125
8/8     136163.0      234212.0      161583.0    7736.31835938
8/8     135321.0      233653.0      159497.0    7570.9765625
8/8     141762.0      242173.0      170763.0    9181.953125
8/9     133760.0      231963.0      160327.0    7442.2265625
8/9     135515.0      234972.0      160741.0    7539.00390625
8/9     136004.0      234681.0      161463.0    7647.6953125
8/9     137337.0      236384.0      162545.0    7607.88085938
