7728
7747
7773
7500
5163
4689
4704
4723
4729
4741
4751
4760
4773
4779
#####################################################################
6780
6796
6826
6901
6911
6966
6972
7266
7281
7302
7317
7339
7348
7365
#####################################################################
7518
7520
7520
7521
7512
7527
7542
7560
7578
7590
7615
7636
7658
7687
##########
5369
5379
5388
5443
5468
5497
5502
5520
5538
5555
5566
5582
5596
5607
#######################################################################################################################
1567
1568
1572
1572
1572
1572
1572
1589
1591
1591
1591
1591
1591
1591
#######################################################################################################################
2003
2013
2020
2051
2087
2109
2124
2087
2104
2112
2140
2156
2170
2184
#######################################################################################################################
795
802
805
807
807
807
807
807
807
807
807
807
807
807
