111.170.234.117-intraffic
1498942800000 188.368
1498964400000 156.919
1498986000000 135.502
1499007600000 146.839
1499029200000 146.591
1499050800000 140.716
1499072400000 129.873
1499094000000 123.718
1499115600000 164.637
1499137200000 124.121
1499158800000 138.242
1499180400000 132.822
1499202000000 162.232
1499223600000 137.492
1499245200000 130.668
1499266800000 122.184
1499288400000 151.295
1499310000000 162.813
1499331600000 126.55
1499353200000 118.477
1499374800000 154.243
1499396400000 132.967
1499418000000 110.591
1499439600000 107.258
1499461200000 164.732
1499482800000 139.037
1499504400000 119.456
1499526000000 112.035
1499547600000 157.795
1499569200000 128.762
1499590800000 113.896
1499612400000 124.569
111.170.234.117-outtraffic
1498942800000 90.7383
1498964400000 92.1184
1498986000000 87.4568
1499007600000 99.9595
1499029200000 74.8919
1499050800000 77.063
1499072400000 94.3814
1499094000000 91.9792
1499115600000 83.2572
1499137200000 81.0198
1499158800000 102.72
1499180400000 93.2098
1499202000000 83.7386
1499223600000 77.9003
1499245200000 90.8833
1499266800000 110.541
1499288400000 82.9115
1499310000000 94.2255
1499331600000 85.8212
1499353200000 89.8911
1499374800000 71.3117
1499396400000 77.337
1499418000000 80.8153
1499439600000 78.5698
1499461200000 82.5901
1499482800000 83.1284
1499504400000 86.1312
1499526000000 81.5394
1499547600000 76.8326
1499569200000 81.7419
1499590800000 80.2879
1499612400000 87.5605
