111.170.234.72-intraffic
1498942800000 244.977
1498964400000 220.153
1498986000000 222.906
1499007600000 209.298
1499029200000 244.606
1499050800000 217.471
1499072400000 224.833
1499094000000 236.13
1499115600000 220.856
1499137200000 388.819
1499158800000 229.209
1499180400000 224.8
1499202000000 243.584
1499223600000 208.371
1499245200000 241.12
1499266800000 221.01
1499288400000 218.059
1499310000000 183.811
1499331600000 360.269
1499353200000 425.182
1499374800000 243.118
1499396400000 218.163
1499418000000 216.193
1499439600000 239.266
1499461200000 226.685
1499482800000 220.851
1499504400000 271.154
1499526000000 332.022
1499547600000 260.214
1499569200000 221.013
1499590800000 239.74
1499612400000 213.929
111.170.234.72-outtraffic
1498942800000 145.693
1498964400000 140.956
1498986000000 146.257
1499007600000 130.623
1499029200000 167.598
1499050800000 137.635
1499072400000 142.251
1499094000000 147.314
1499115600000 140.75
1499137200000 235.446
1499158800000 146.439
1499180400000 141.612
1499202000000 161.021
1499223600000 132.612
1499245200000 221.767
1499266800000 144.24
1499288400000 132.386
1499310000000 134.109
1499331600000 232.448
1499353200000 336.354
1499374800000 179.266
1499396400000 205.08
1499418000000 212.56
1499439600000 164.949
1499461200000 159.445
1499482800000 156.95
1499504400000 234.03
1499526000000 360.706
1499547600000 185.366
1499569200000 148.576
1499590800000 169.167
1499612400000 162.805
