113.107.58.115-intraffic
1498942800000 458.781
1498964400000 435.832
1498986000000 471.561
1499007600000 450.441
1499029200000 470.374
1499050800000 426.355
1499072400000 544.104
1499094000000 463.262
1499115600000 530.854
1499137200000 517.867
1499158800000 506.249
1499180400000 507.45
1499202000000 489.595
1499223600000 681.005
1499245200000 623.812
1499266800000 497.079
1499288400000 487.526
1499310000000 472.252
1499331600000 497.93
1499353200000 533.947
1499374800000 492.612
1499396400000 497.358
1499418000000 495.349
1499439600000 620.378
1499461200000 563.029
1499482800000 483.617
1499504400000 514.792
1499526000000 510.062
1499547600000 568.069
1499569200000 510.217
1499590800000 571.121
1499612400000 605.845
113.107.58.115-outtraffic
1498942800000 398.153
1498964400000 358.01
1498986000000 400.157
1499007600000 388.365
1499029200000 393.887
1499050800000 409.736
1499072400000 516.545
1499094000000 442.172
1499115600000 447.214
1499137200000 486.616
1499158800000 456.039
1499180400000 441.954
1499202000000 406.369
1499223600000 646.889
1499245200000 496.196
1499266800000 447.119
1499288400000 419.877
1499310000000 410.498
1499331600000 441.803
1499353200000 462.999
1499374800000 448.548
1499396400000 427.837
1499418000000 479.881
1499439600000 595.552
1499461200000 485.925
1499482800000 461.839
1499504400000 461.778
1499526000000 478.377
1499547600000 488.349
1499569200000 468.054
1499590800000 522.934
1499612400000 544.942
