183.131.164.24-intraffic
1498942800000 595.718
1498964400000 565.582
1498986000000 817.776
1499007600000 596.796
1499029200000 567.774
1499050800000 704.93
1499072400000 793.1
1499094000000 863.026
1499115600000 522.758
1499137200000 666.241
1499158800000 743.317
1499180400000 547.588
1499202000000 496.543
1499223600000 754.426
1499245200000 718.434
1499266800000 688.946
1499288400000 550.31
1499310000000 567.466
1499331600000 581.373
1499353200000 528.036
1499374800000 567.472
1499396400000 577.077
1499418000000 685.984
1499439600000 619.38
1499461200000 573.634
1499482800000 593.071
1499504400000 693.803
1499526000000 679.312
1499547600000 570.585
1499569200000 647.97
1499590800000 692.755
1499612400000 694.34
183.131.164.24-outtraffic
1498942800000 62.9004
1498964400000 18.0383
1498986000000 107.58
1499007600000 15.0271
1499029200000 477.834
1499050800000 90.8766
1499072400000 126.372
1499094000000 170.831
1499115600000 39.7055
1499137200000 45.9969
1499158800000 107.519
1499180400000 47.9538
1499202000000 38.4354
1499223600000 60.9599
1499245200000 160.126
1499266800000 131.012
1499288400000 36.4733
1499310000000 55.0099
1499331600000 174.11
1499353200000 105.424
1499374800000 64.1061
1499396400000 81.2153
1499418000000 92.9713
1499439600000 176.744
1499461200000 67.2779
1499482800000 45.3279
1499504400000 94.2849
1499526000000 63.7294
1499547600000 66.7781
1499569200000 45.3363
1499590800000 43.6614
1499612400000 47.8072
