1498924800000 397.43
1498928400000 453.258
1498932000000 431.369
1498935600000 448.907
1498939200000 325.849
1498942800000 332.107
1498946400000 349.211
1498950000000 335.034
1498953600000 329.716
1498957200000 396.678
1498960800000 369.828
1498964400000 367.592
1498968000000 429.446
1498971600000 419.259
1498975200000 385.003
1498978800000 382.54
1498982400000 398.891
1498986000000 385.805
1498989600000 404.87
1498993200000 378.848
1498996800000 371.271
1499000400000 380.825
1499004000000 376.652
1499007600000 417.725
1499011200000 485.913
1499014800000 420.639
1499018400000 423.835
1499022000000 392.474
1499025600000 322.004
1499029200000 318.454
1499032800000 280.824
1499036400000 420.532
1499040000000 400.271
1499043600000 366.724
1499047200000 454.28
1499050800000 535.787
1499054400000 623.782
1499058000000 651.622
1499061600000 525.997
1499065200000 429.219
1499068800000 407.598
1499072400000 461.051
1499076000000 546.523
1499079600000 450.295
1499083200000 385.781
1499086800000 468.064
1499090400000 433.716
1499094000000 368.655
1499097600000 535.565
1499101200000 482.289
1499104800000 514.415
1499108400000 478.95
1499112000000 309.016
1499115600000 363.049
1499119200000 380.245
1499122800000 799.21
1499126400000 463.333
1499130000000 380.377
1499133600000 445.383
1499137200000 451.148
1499140800000 397.04
1499144400000 432.631
1499148000000 452.654
1499151600000 414.383
1499155200000 599.679
1499158800000 439.844
1499162400000 381.865
1499166000000 502.152
1499169600000 420.611
1499173200000 461.602
1499176800000 483.488
1499180400000 402.005
1499184000000 467.991
1499187600000 519.397
1499191200000 422.43
1499194800000 385.844
1499198400000 346.67
1499202000000 295.885
1499205600000 683.565
1499209200000 509.202
1499212800000 646.399
1499216400000 567.067
1499220000000 907.728
1499223600000 567.375
1499227200000 594.156
1499230800000 562.942
1499234400000 462.478
1499238000000 459.402
1499241600000 450.514
1499245200000 447.685
1499248800000 486.548
1499252400000 449.662
1499256000000 485.967
1499259600000 427.415
1499263200000 420.07
1499266800000 413.049
1499270400000 483.01
1499274000000 512.821
1499277600000 496.669
1499281200000 368.546
1499284800000 327.354
1499288400000 330.863
1499292000000 362.099
1499295600000 372.544
1499299200000 433.323
1499302800000 385.853
1499306400000 481.607
1499310000000 427.565
1499313600000 448.18
1499317200000 407.976
1499320800000 401.366
1499324400000 432.863
1499328000000 506.385
1499331600000 454.046
1499335200000 473.375
1499338800000 453.909
1499342400000 454.223
1499346000000 530.542
1499349600000 438.256
1499353200000 427.692
1499356800000 476.913
1499360400000 525.311
1499364000000 460.545
1499367600000 491.567
1499371200000 347.487
1499374800000 389.467
1499378400000 410.369
1499382000000 412.974
1499385600000 450.662
1499389200000 405.064
1499392800000 463.569
1499396400000 424.384
1499400000000 445.33
1499403600000 445.23
1499407200000 540.333
1499410800000 486.835
1499414400000 444.859
1499418000000 516.7
1499421600000 488.952
1499425200000 476.652
1499428800000 581.819
1499432400000 657.544
1499436000000 722.639
1499439600000 645.703
1499443200000 692.314
1499446800000 560.944
1499450400000 525.473
1499454000000 427.404
1499457600000 337.15
1499461200000 372.265
1499464800000 422.663
1499468400000 459.66
1499472000000 515.113
1499475600000 453.531
1499479200000 436.93
1499482800000 483.134
1499486400000 470.669
1499490000000 474.414
1499493600000 441.623
1499497200000 480.873
1499500800000 466.234
1499504400000 436.855
1499508000000 468.223
1499511600000 458.698
1499515200000 553.713
1499518800000 492.078
1499522400000 449.435
1499526000000 448.118
1499529600000 528.141
1499533200000 600.08
1499536800000 502.226
1499540400000 493.219
1499544000000 364.244
1499547600000 442.186
1499551200000 432.376
1499554800000 452.3
1499558400000 507.42
1499562000000 474.577
1499565600000 501.385
1499569200000 440.264
1499572800000 459.04
1499576400000 471.227
1499580000000 478.553
1499583600000 464.669
1499587200000 471.345
1499590800000 792.771
1499594400000 694.056
1499598000000 733.646
1499601600000 454.152
1499605200000 487.121
1499608800000 455.464
1499612400000 445.212
