111.170.234.117-intraffic
1497819600000 102.071
1497841200000 106.544
1497862800000 119.987
1497884400000 125.522
1497906000000 174.46
1497927600000 134.367
1497949200000 138.914
1497970800000 126.479
1497992400000 189.26
1498014000000 167.319
1498035600000 148.425
1498057200000 141.034
1498078800000 166.145
1498100400000 125.087
1498122000000 118.146
1498143600000 109.539
1498165200000 159.197
1498186800000 128.677
1498208400000 111.012
1498230000000 163.589
1498251600000 210.393
1498273200000 120.548
1498294800000 113.675
1498316400000 123.454
1498338000000 142.723
1498359600000 130.199
1498381200000 111.482
1498402800000 116.762
1498424400000 146.681
1498446000000 141.337
1498467600000 123.129
1498489200000 113.421
1498510800000 163.585
1498532400000 150.377
1498554000000 130.935
1498575600000 139.679
1498597200000 185.715
1498618800000 161.042
1498640400000 140.671
1498662000000 152.643
1498683600000 177.384
1498705200000 166.907
1498726800000 148.542
1498748400000 153.284
1498770000000 151.399
1498791600000 144.303
1498813200000 131.469
1498834800000 128.64
1498856400000 145.614
1498878000000 127.301
1498899600000 105.095
1498921200000 99.2058
1498942800000 188.368
1498964400000 156.919
1498986000000 135.502
1499007600000 146.839
111.170.234.117-outtraffic
1497819600000 62.2928
1497841200000 73.3849
1497862800000 87.0446
1497884400000 88.0845
1497906000000 81.8818
1497927600000 80.2548
1497949200000 100.617
1497970800000 90.9567
1497992400000 89.1072
1498014000000 105.008
1498035600000 99.8897
1498057200000 100.483
1498078800000 82.086
1498100400000 76.3409
1498122000000 86.9532
1498143600000 79.3874
1498165200000 71.5075
1498186800000 69.8239
1498208400000 83.564
1498230000000 126.188
1498251600000 156.289
1498273200000 74.9011
1498294800000 90.6877
1498316400000 89.9158
1498338000000 69.0194
1498359600000 86.2733
1498381200000 78.0915
1498402800000 83.4905
1498424400000 74.0467
1498446000000 87.5747
1498467600000 82.0132
1498489200000 450.058
1498510800000 411.321
1498532400000 376.919
1498554000000 400.559
1498575600000 386.073
1498597200000 372.14
1498618800000 462.057
1498640400000 428.818
1498662000000 407.324
1498683600000 484.901
1498705200000 395.171
1498726800000 419.898
1498748400000 434.305
1498770000000 421.375
1498791600000 273.332
1498813200000 91.9501
1498834800000 92.6686
1498856400000 73.6573
1498878000000 69.8202
1498899600000 76.8814
1498921200000 72.4231
1498942800000 90.7383
1498964400000 92.1184
1498986000000 87.4568
1499007600000 99.9595
