111.170.234.72-intraffic
1497819600000 277.106
1497841200000 235.573
1497862800000 384.344
1497884400000 353.821
1497906000000 264.386
1497927600000 262.5
1497949200000 258.613
1497970800000 231.095
1497992400000 241.602
1498014000000 253.413
1498035600000 258.268
1498057200000 255.132
1498078800000 266.479
1498100400000 260.761
1498122000000 239.718
1498143600000 232.35
1498165200000 268.298
1498186800000 232.745
1498208400000 223.225
1498230000000 232.864
1498251600000 232.256
1498273200000 224.587
1498294800000 219.617
1498316400000 213.746
1498338000000 222.454
1498359600000 245.553
1498381200000 206.622
1498402800000 231.983
1498424400000 230.215
1498446000000 225.572
1498467600000 228.897
1498489200000 240.54
1498510800000 272.477
1498532400000 352.873
1498554000000 238.891
1498575600000 251.945
1498597200000 286.934
1498618800000 401.474
1498640400000 234.173
1498662000000 232.409
1498683600000 250.325
1498705200000 221.396
1498726800000 227.514
1498748400000 224.096
1498770000000 230.283
1498791600000 227.645
1498813200000 210.792
1498834800000 217.75
1498856400000 197.216
1498878000000 202.605
1498899600000 223.663
1498921200000 239.285
1498942800000 244.977
1498964400000 220.153
1498986000000 222.906
1499007600000 209.298
111.170.234.72-outtraffic
1497819600000 179.939
1497841200000 171.78
1497862800000 251.186
1497884400000 230.925
1497906000000 187.346
1497927600000 184.33
1497949200000 177.264
1497970800000 204.573
1497992400000 184.243
1498014000000 179.759
1498035600000 196.49
1498057200000 187.084
1498078800000 211.102
1498100400000 192.47
1498122000000 190.391
1498143600000 177.483
1498165200000 210.7
1498186800000 172.93
1498208400000 169.189
1498230000000 188.196
1498251600000 172.367
1498273200000 154.919
1498294800000 159.044
1498316400000 157.316
1498338000000 159.177
1498359600000 163.11
1498381200000 149.136
1498402800000 163.126
1498424400000 157.641
1498446000000 170.765
1498467600000 180.451
1498489200000 175.681
1498510800000 203.333
1498532400000 317.381
1498554000000 199.813
1498575600000 185.053
1498597200000 213.835
1498618800000 278.084
1498640400000 189.276
1498662000000 235.519
1498683600000 176.441
1498705200000 163.586
1498726800000 179.168
1498748400000 172.155
1498770000000 160.659
1498791600000 164.852
1498813200000 181.539
1498834800000 182.073
1498856400000 157.892
1498878000000 142.541
1498899600000 147.502
1498921200000 162.517
1498942800000 145.693
1498964400000 140.956
1498986000000 146.257
1499007600000 130.623
