113.107.58.115-intraffic
1497819600000 499.095
1497841200000 477.285
1497862800000 476.934
1497884400000 588.105
1497906000000 526.675
1497927600000 506.857
1497949200000 509.264
1497970800000 498.935
1497992400000 540.194
1498014000000 507.908
1498035600000 568.99
1498057200000 529.497
1498078800000 522.28
1498100400000 463.223
1498122000000 568.468
1498143600000 544.058
1498165200000 517.295
1498186800000 545.143
1498208400000 576.149
1498230000000 518.118
1498251600000 492.887
1498273200000 479.714
1498294800000 518.261
1498316400000 507.738
1498338000000 505.616
1498359600000 503.183
1498381200000 518.381
1498402800000 491.967
1498424400000 630.547
1498446000000 468.755
1498467600000 502.821
1498489200000 504.481
1498510800000 495.379
1498532400000 484.456
1498554000000 520.834
1498575600000 516.376
1498597200000 543.321
1498618800000 487.599
1498640400000 520.585
1498662000000 525.642
1498683600000 471.491
1498705200000 487.532
1498726800000 514.375
1498748400000 495.128
1498770000000 503.305
1498791600000 492.431
1498813200000 509.19
1498834800000 501.309
1498856400000 487.707
1498878000000 439.711
1498899600000 439.621
1498921200000 462.42
1498942800000 458.781
1498964400000 435.832
1498986000000 471.561
1499007600000 450.441
113.107.58.115-outtraffic
1497819600000 450.647
1497841200000 469.676
1497862800000 515.9
1497884400000 454.765
1497906000000 434.554
1497927600000 412.246
1497949200000 454.27
1497970800000 440.183
1497992400000 407.255
1498014000000 417.976
1498035600000 456.275
1498057200000 440.061
1498078800000 420.88
1498100400000 394.036
1498122000000 497.461
1498143600000 453.551
1498165200000 418.46
1498186800000 444.265
1498208400000 454.179
1498230000000 438.218
1498251600000 397.261
1498273200000 416
1498294800000 450.812
1498316400000 427.925
1498338000000 418.692
1498359600000 412.8
1498381200000 415.315
1498402800000 422.149
1498424400000 516.827
1498446000000 407.339
1498467600000 574.029
1498489200000 550.188
1498510800000 411.736
1498532400000 414.466
1498554000000 418.743
1498575600000 455.436
1498597200000 465.404
1498618800000 431.084
1498640400000 432.319
1498662000000 489.746
1498683600000 394.009
1498705200000 422.975
1498726800000 461.315
1498748400000 432.527
1498770000000 431.586
1498791600000 405.468
1498813200000 391.507
1498834800000 414.352
1498856400000 431.678
1498878000000 368.205
1498899600000 392.676
1498921200000 371.094
1498942800000 398.153
1498964400000 358.01
1498986000000 400.157
1499007600000 388.365
