183.131.164.24-intraffic
1497819600000 767.354
1497841200000 1067.15
1497862800000 1102.84
1497884400000 1018.7
1497906000000 679.825
1497927600000 596.251
1497949200000 846.437
1497970800000 673.016
1497992400000 429.232
1498014000000 716.172
1498035600000 627.772
1498057200000 607.649
1498078800000 441.702
1498100400000 737.853
1498122000000 607.333
1498143600000 770.087
1498165200000 512.47
1498186800000 774.215
1498208400000 665.862
1498230000000 663.23
1498251600000 540.779
1498273200000 582.866
1498294800000 556.66
1498316400000 599.681
1498338000000 605.582
1498359600000 551.927
1498381200000 556.5
1498402800000 571.26
1498424400000 564.352
1498446000000 609.733
1498467600000 641.625
1498489200000 554.829
1498510800000 623.539
1498532400000 713.648
1498554000000 677.497
1498575600000 717.271
1498597200000 565.532
1498618800000 615.872
1498640400000 695.704
1498662000000 608.056
1498683600000 552.576
1498705200000 560.627
1498726800000 550.278
1498748400000 498.589
1498770000000 539.284
1498791600000 569.04
1498813200000 797.833
1498834800000 598.374
1498856400000 563.548
1498878000000 571.209
1498899600000 592.234
1498921200000 563.939
1498942800000 595.718
1498964400000 565.582
1498986000000 817.776
1499007600000 596.796
183.131.164.24-outtraffic
1497819600000 54.0675
1497841200000 54.8491
1497862800000 52.4265
1497884400000 26.2771
1497906000000 702.412
1497927600000 7.86355
1497949200000 85.2443
1497970800000 270.207
1497992400000 66.4951
1498014000000 261.942
1498035600000 433.251
1498057200000 603.369
1498078800000 252.481
1498100400000 215.276
1498122000000 186.465
1498143600000 104.327
1498165200000 121.589
1498186800000 196.221
1498208400000 202.278
1498230000000 897.321
1498251600000 87.9693
1498273200000 625.789
1498294800000 102.324
1498316400000 168.575
1498338000000 207.198
1498359600000 294.513
1498381200000 96.5575
1498402800000 133.527
1498424400000 262.786
1498446000000 146.467
1498467600000 87.7723
1498489200000 110.169
1498510800000 465.167
1498532400000 85.3678
1498554000000 90.8832
1498575600000 70.8808
1498597200000 76.2714
1498618800000 58.0595
1498640400000 68.3585
1498662000000 111.625
1498683600000 37.5116
1498705200000 151.328
1498726800000 85.7923
1498748400000 71.7157
1498770000000 38.2315
1498791600000 73.7013
1498813200000 305.273
1498834800000 477.272
1498856400000 54.9055
1498878000000 28.5529
1498899600000 86.36
1498921200000 52.869
1498942800000 62.9004
1498964400000 18.0383
1498986000000 107.58
1499007600000 15.0271
