date   Product@XFDX    GDNS@XFDX   Product@JYDX    7daylog@HZDX
7/26      1882.01       47.7201       1838.04       3519.08
7/26      1919.26       46.0796       2239.71       4142.74
7/26      1757.68       34.9462       1773.79        2203.9
7/26      1813.21       45.2296       1800.13       3365.25
7/27      1750.09       47.8701       1764.32       3539.34
7/27      1722.19       46.2382       1781.11       5369.47
7/27      1533.66       35.1343       1659.38       2538.62
7/27      1661.76       44.8954       1786.12       4344.88
7/28      1666.03       47.3676        1893.1       3489.82
7/28      1733.62       44.9239        1795.0       3939.85
7/28      1595.04       34.4897       1623.58       2109.84
7/28      1689.25       47.4565       1765.67       3062.64
7/29      1818.52       49.6966       1878.44       3240.81
7/29      1947.56       46.8026       2084.01       3928.97
7/29      1746.81       35.2906       2022.84       1851.02
7/29      1932.13       47.3428       3136.64        2965.4
7/30      2040.05       50.8285       2649.05       3160.12
7/30      1847.98       47.6235       2058.75       3858.98
7/30      1539.74       34.7927       1913.67       3147.16
7/30      1714.36       48.0284       2112.06       4067.95
8/1       1761.0       50.1734       3207.97       3053.01
8/1      1772.18       47.4256       2149.28       3905.44
8/1       1623.2       34.9367       1898.38       1500.39
8/1      2610.14       46.0343       2005.34       2845.82
8/2      2135.01       48.4059       2087.71       3067.16
8/2      1707.35       47.6977       2088.68       3816.29
8/2      1644.42       34.8568       1975.45       4065.19
8/2      1604.78       45.8491        2126.5       3550.81
8/3      1636.15       47.5071       2074.31       3055.78
8/3      1840.37       45.9758       1972.75       3713.81
8/3      1544.34       34.1985       1669.38       3020.41
8/3      1713.18       48.2371        1823.8       3898.48
8/4      1914.87       51.8524       2053.41       3090.04
8/4      1746.72       49.0624       1923.13       3754.12
8/4      1610.69        35.622       1765.08       1374.97
8/4      1785.26       49.7971       1917.01       2793.37
8/5      1723.52       52.7089       2269.12       3151.04
8/5      1811.81       49.1988       1856.76        3146.9
8/5      1558.22       36.6561       1666.72       2421.08
8/5      2129.82       50.1472        1848.2       3231.97
8/6      2188.66       51.0044        1982.9       2854.87
8/6      3128.17       49.4321       2006.37       3047.78
8/6      1668.13       36.0621       1693.31       3910.36
8/6       1957.2       49.6709       1960.64       3838.61
8/7      1792.91       52.2926       1962.92       3076.61
8/7      1780.29       49.4468       1974.77       3193.53
8/7      1586.34       37.2044       1760.72       2210.71
8/7      1722.29       51.0982       1864.33       3098.69
8/8      1931.45       52.5954       1920.18       3338.08
8/8      1973.19       50.0402       2028.75       3808.92
8/8       1656.0       36.0442       1722.36       3163.03
8/8      1755.03       47.6853       1876.31       2991.75
8/9      1803.51       49.7205       1878.26       3129.78
8/9      1827.94       48.5428       2182.13       4776.31
8/9      1597.41       35.2157       1659.36       2109.43
8/9      1819.41        46.537       1822.82       2879.99
